00000
00000
0000F
0000F
0000F
0000F
0000F
0000F
0000F
0000F
0000F
0000F
0000F
0000F
0000F
0000F
0000F
0000F
00010
00100
0000C
00006
00006
00006
00006
00006
00006
00006
00006
00006
00006
00006
00006
00006
00006
00006
00006
00010
00100
0000C
00006
00006
00006
00006
00006
00006
00006
00006
00006
00006
00006
00006
00006
00006
00006
00006
00010
00100
01000
01000
01000
01000
01000
01000
01000
01000
01000
01000
01000
01000
01000
01000
01000
01000
0000C
0000F
0000F
0000F
0000F
0000F
0000F
0000F
0000F
0000F
0000F
0000F
0000F
0000F
0000F
0000F
0000F
00010
00100
0000C
00006
00006
00006
00006
00006
00006
00006
00006
00006
00006
00006
00006
00006
00006
00006
00006
00010
00100
0000C
00006
00006
00006
00006
00006
00006
00006
00006
00006
00006
00006
00006
00006
00006
00006
00006
00010
00100
01000
01000
01000
01000
01000
01000
01000
01000
01000
01000
01000
01000
01000
01000
01000
01000
0000C
0000F
0000F
0000F
0000F
0000F
0000F
0000F
0000F
0000F
0000F
0000F
0000F
0000F
0000F
0000F
0000F
00010
00100
0000C
00006
00006
00006
00006
00006
00006
00006
00006
00006
00006
00006
00006
00006
00006
00006
00006
00010
00100
0000C
00006
00006
00006
00006
00006
00006
00006
00006
00006
00006
00006
00006
00006
00006
00006
00006
00010
00100
01000
01000
01000
01000
01000
01000
01000
01000
01000
01000
01000
01000
01000
01000
01000
01000
10000
